 3740.00 1.0000 
 3740.05 1.0000 
 3740.10 1.0000 
 3740.15 1.0000 
 3740.20 1.0000 
 3740.25 1.0000 
 3740.30 1.0000 
 3740.35 1.0000 
 3740.40 1.0000 
 3740.45 1.0000 
 3740.50 1.0000 
 3740.55 1.0000 
 3740.60 1.0000 
 3740.65 1.0000 
 3740.70 1.0000 
 3740.75 1.0000 
 3740.80 1.0000 
 3740.85 1.0000 
 3740.90 1.0000 
 3740.95 1.0000 
 3741.00 1.0000 
 3741.05 1.0000 
 3741.10 1.0000 
 3741.15 1.0000 
 3741.20 1.0000 
 3741.25 1.0000 
 3741.30 1.0000 
 3741.35 1.0000 
 3741.40 1.0000 
 3741.45 1.0000 
 3741.50 1.0000 
 3741.55 1.0000 
 3741.60 1.0000 
 3741.65 1.0000 
 3741.70 1.0000 
 3741.75 1.0000 
 3741.80 1.0000 
 3741.85 1.0000 
 3741.90 1.0000 
 3741.95 1.0000 
 3742.00 1.0000 
 3742.05 1.0000 
 3742.10 1.0000 
 3742.15 1.0000 
 3742.20 1.0000 
 3742.25 1.0000 
 3742.30 1.0000 
 3742.35 1.0000 
 3742.40 1.0000 
 3742.45 1.0000 
 3742.50 1.0000 
 3742.55 1.0000 
 3742.60 1.0000 
 3742.65 1.0000 
 3742.70 1.0000 
 3742.75 0.9999 
 3742.80 0.9999 
 3742.85 0.9997 
 3742.90 0.9995 
 3742.95 0.9990 
 3743.00 0.9983 
 3743.05 0.9971 
 3743.10 0.9954 
 3743.15 0.9929 
 3743.20 0.9897 
 3743.25 0.9856 
 3743.30 0.9809 
 3743.35 0.9757 
 3743.40 0.9705 
 3743.45 0.9658 
 3743.50 0.9621 
 3743.55 0.9598 
 3743.60 0.9593 
 3743.65 0.9605 
 3743.70 0.9634 
 3743.75 0.9675 
 3743.80 0.9725 
 3743.85 0.9777 
 3743.90 0.9827 
 3743.95 0.9872 
 3744.00 0.9910 
 3744.05 0.9939 
 3744.10 0.9960 
 3744.15 0.9975 
 3744.20 0.9985 
 3744.25 0.9991 
 3744.30 0.9994 
 3744.35 0.9994 
 3744.40 0.9992 
 3744.45 0.9987 
 3744.50 0.9977 
 3744.55 0.9963 
 3744.60 0.9940 
 3744.65 0.9907 
 3744.70 0.9863 
 3744.75 0.9805 
 3744.80 0.9735 
 3744.85 0.9653 
 3744.90 0.9564 
 3744.95 0.9473 
 3745.00 0.9389 
 3745.05 0.9317 
 3745.10 0.9265 
 3745.15 0.9236 
 3745.20 0.9232 
 3745.25 0.9252 
 3745.30 0.9290 
 3745.35 0.9341 
 3745.40 0.9397 
 3745.45 0.9452 
 3745.50 0.9499 
 3745.55 0.9537 
 3745.60 0.9564 
 3745.65 0.9583 
 3745.70 0.9596 
 3745.75 0.9605 
 3745.80 0.9614 
 3745.85 0.9623 
 3745.90 0.9630 
 3745.95 0.9628 
 3746.00 0.9605 
 3746.05 0.9541 
 3746.10 0.9412 
 3746.15 0.9189 
 3746.20 0.8853 
 3746.25 0.8403 
 3746.30 0.7866 
 3746.35 0.7301 
 3746.40 0.6783 
 3746.45 0.6381 
 3746.50 0.6150 
 3746.55 0.6118 
 3746.60 0.6286 
 3746.65 0.6624 
 3746.70 0.7080 
 3746.75 0.7586 
 3746.80 0.8074 
 3746.85 0.8492 
 3746.90 0.8816 
 3746.95 0.9046 
 3747.00 0.9201 
 3747.05 0.9305 
 3747.10 0.9379 
 3747.15 0.9438 
 3747.20 0.9492 
 3747.25 0.9543 
 3747.30 0.9594 
 3747.35 0.9644 
 3747.40 0.9692 
 3747.45 0.9737 
 3747.50 0.9778 
 3747.55 0.9814 
 3747.60 0.9843 
 3747.65 0.9866 
 3747.70 0.9881 
 3747.75 0.9888 
 3747.80 0.9886 
 3747.85 0.9877 
 3747.90 0.9859 
 3747.95 0.9833 
 3748.00 0.9801 
 3748.05 0.9764 
 3748.10 0.9724 
 3748.15 0.9685 
 3748.20 0.9649 
 3748.25 0.9619 
 3748.30 0.9597 
 3748.35 0.9586 
 3748.40 0.9587 
 3748.45 0.9598 
 3748.50 0.9620 
 3748.55 0.9648 
 3748.60 0.9680 
 3748.65 0.9710 
 3748.70 0.9729 
 3748.75 0.9730 
 3748.80 0.9704 
 3748.85 0.9643 
 3748.90 0.9545 
 3748.95 0.9413 
 3749.00 0.9262 
 3749.05 0.9113 
 3749.10 0.8990 
 3749.15 0.8915 
 3749.20 0.8904 
 3749.25 0.8960 
 3749.30 0.9074 
 3749.35 0.9228 
 3749.40 0.9396 
 3749.45 0.9559 
 3749.50 0.9698 
 3749.55 0.9807 
 3749.60 0.9884 
 3749.65 0.9934 
 3749.70 0.9962 
 3749.75 0.9972 
 3749.80 0.9963 
 3749.85 0.9924 
 3749.90 0.9831 
 3749.95 0.9637 
 3750.00 0.9278 
 3750.05 0.8675 
 3750.10 0.7772 
 3750.15 0.6579 
 3750.20 0.5203 
 3750.25 0.3828 
 3750.30 0.2642 
 3750.35 0.1755 
 3750.40 0.1175 
 3750.45 0.0847 
 3750.50 0.0710 
 3750.55 0.0729 
 3750.60 0.0911 
 3750.65 0.1298 
 3750.70 0.1953 
 3750.75 0.2917 
 3750.80 0.4156 
 3750.85 0.5534 
 3750.90 0.6860 
 3750.95 0.7966 
 3751.00 0.8766 
 3751.05 0.9275 
 3751.10 0.9559 
 3751.15 0.9696 
 3751.20 0.9750 
 3751.25 0.9762 
 3751.30 0.9757 
 3751.35 0.9750 
 3751.40 0.9747 
 3751.45 0.9750 
 3751.50 0.9760 
 3751.55 0.9777 
 3751.60 0.9799 
 3751.65 0.9824 
 3751.70 0.9851 
 3751.75 0.9878 
 3751.80 0.9903 
 3751.85 0.9925 
 3751.90 0.9944 
 3751.95 0.9960 
 3752.00 0.9972 
 3752.05 0.9981 
 3752.10 0.9987 
 3752.15 0.9992 
 3752.20 0.9995 
 3752.25 0.9997 
 3752.30 0.9998 
 3752.35 0.9999 
 3752.40 0.9999 
 3752.45 1.0000 
 3752.50 1.0000 
 3752.55 1.0000 
 3752.60 1.0000 
 3752.65 1.0000 
 3752.70 1.0000 
 3752.75 1.0000 
 3752.80 1.0000 
 3752.85 1.0000 
 3752.90 1.0000 
 3752.95 1.0000 
 3753.00 1.0000 
 3753.05 1.0000 
 3753.10 1.0000 
 3753.15 1.0000 
 3753.20 1.0000 
 3753.25 1.0000 
 3753.30 1.0000 
 3753.35 1.0000 
 3753.40 1.0000 
 3753.45 1.0000 
 3753.50 1.0000 
 3753.55 1.0000 
 3753.60 1.0000 
 3753.65 1.0000 
 3753.70 0.9999 
 3753.75 0.9999 
 3753.80 0.9998 
 3753.85 0.9997 
 3753.90 0.9995 
 3753.95 0.9992 
 3754.00 0.9987 
 3754.05 0.9979 
 3754.10 0.9968 
 3754.15 0.9950 
 3754.20 0.9923 
 3754.25 0.9883 
 3754.30 0.9818 
 3754.35 0.9712 
 3754.40 0.9535 
 3754.45 0.9250 
 3754.50 0.8807 
 3754.55 0.8169 
 3754.60 0.7331 
 3754.65 0.6337 
 3754.70 0.5289 
 3754.75 0.4311 
 3754.80 0.3508 
 3754.85 0.2939 
 3754.90 0.2626 
 3754.95 0.2571 
 3755.00 0.2774 
 3755.05 0.3240 
 3755.10 0.3960 
 3755.15 0.4888 
 3755.20 0.5930 
 3755.25 0.6959 
 3755.30 0.7851 
 3755.35 0.8532 
 3755.40 0.8991 
 3755.45 0.9266 
 3755.50 0.9419 
 3755.55 0.9506 
 3755.60 0.9567 
 3755.65 0.9626 
 3755.70 0.9688 
 3755.75 0.9754 
 3755.80 0.9816 
 3755.85 0.9870 
 3755.90 0.9912 
 3755.95 0.9939 
 3756.00 0.9953 
 3756.05 0.9955 
 3756.10 0.9945 
 3756.15 0.9925 
 3756.20 0.9896 
 3756.25 0.9857 
 3756.30 0.9810 
 3756.35 0.9757 
 3756.40 0.9703 
 3756.45 0.9652 
 3756.50 0.9608 
 3756.55 0.9577 
 3756.60 0.9561 
 3756.65 0.9563 
 3756.70 0.9582 
 3756.75 0.9616 
 3756.80 0.9662 
 3756.85 0.9714 
 3756.90 0.9768 
 3756.95 0.9819 
 3757.00 0.9865 
 3757.05 0.9903 
 3757.10 0.9933 
 3757.15 0.9956 
 3757.20 0.9972 
 3757.25 0.9983 
 3757.30 0.9990 
 3757.35 0.9994 
 3757.40 0.9997 
 3757.45 0.9998 
 3757.50 0.9999 
 3757.55 0.9999 
 3757.60 0.9999 
 3757.65 0.9998 
 3757.70 0.9996 
 3757.75 0.9991 
 3757.80 0.9981 
 3757.85 0.9962 
 3757.90 0.9923 
 3757.95 0.9853 
 3758.00 0.9730 
 3758.05 0.9527 
 3758.10 0.9210 
 3758.15 0.8744 
 3758.20 0.8099 
 3758.25 0.7277 
 3758.30 0.6312 
 3758.35 0.5270 
 3758.40 0.4239 
 3758.45 0.3302 
 3758.50 0.2520 
 3758.55 0.1921 
 3758.60 0.1501 
 3758.65 0.1232 
 3758.70 0.1091 
 3758.75 0.1061 
 3758.80 0.1137 
 3758.85 0.1331 
 3758.90 0.1662 
 3758.95 0.2155 
 3759.00 0.2827 
 3759.05 0.3671 
 3759.10 0.4650 
 3759.15 0.5691 
 3759.20 0.6703 
 3759.25 0.7607 
 3759.30 0.8347 
 3759.35 0.8899 
 3759.40 0.9276 
 3759.45 0.9502 
 3759.50 0.9611 
 3759.55 0.9633 
 3759.60 0.9594 
 3759.65 0.9520 
 3759.70 0.9435 
 3759.75 0.9357 
 3759.80 0.9304 
 3759.85 0.9286 
 3759.90 0.9309 
 3759.95 0.9369 
 3760.00 0.9456 
 3760.05 0.9558 
 3760.10 0.9662 
 3760.15 0.9756 
 3760.20 0.9835 
 3760.25 0.9894 
 3760.30 0.9936 
 3760.35 0.9964 
 3760.40 0.9981 
 3760.45 0.9990 
 3760.50 0.9995 
 3760.55 0.9998 
 3760.60 0.9999 
 3760.65 0.9999 
 3760.70 1.0000 
 3760.75 1.0000 
 3760.80 1.0000 
 3760.85 1.0000 
 3760.90 1.0000 
 3760.95 1.0000 
 3761.00 1.0000 
 3761.05 0.9999 
 3761.10 0.9999 
 3761.15 0.9998 
 3761.20 0.9997 
 3761.25 0.9992 
 3761.30 0.9983 
 3761.35 0.9961 
 3761.40 0.9913 
 3761.45 0.9818 
 3761.50 0.9642 
 3761.55 0.9342 
 3761.60 0.8879 
 3761.65 0.8239 
 3761.70 0.7448 
 3761.75 0.6583 
 3761.80 0.5752 
 3761.85 0.5059 
 3761.90 0.4578 
 3761.95 0.4355 
 3762.00 0.4399 
 3762.05 0.4697 
 3762.10 0.5211 
 3762.15 0.5876 
 3762.20 0.6603 
 3762.25 0.7304 
 3762.30 0.7910 
 3762.35 0.8390 
 3762.40 0.8750 
 3762.45 0.9017 
 3762.50 0.9220 
 3762.55 0.9381 
 3762.60 0.9516 
 3762.65 0.9630 
 3762.70 0.9724 
 3762.75 0.9800 
 3762.80 0.9857 
 3762.85 0.9898 
 3762.90 0.9921 
 3762.95 0.9930 
 3763.00 0.9924 
 3763.05 0.9903 
 3763.10 0.9869 
 3763.15 0.9821 
 3763.20 0.9762 
 3763.25 0.9694 
 3763.30 0.9624 
 3763.35 0.9556 
 3763.40 0.9499 
 3763.45 0.9458 
 3763.50 0.9438 
 3763.55 0.9441 
 3763.60 0.9468 
 3763.65 0.9516 
 3763.70 0.9577 
 3763.75 0.9647 
 3763.80 0.9717 
 3763.85 0.9784 
 3763.90 0.9842 
 3763.95 0.9889 
 3764.00 0.9925 
 3764.05 0.9952 
 3764.10 0.9970 
 3764.15 0.9982 
 3764.20 0.9989 
 3764.25 0.9993 
 3764.30 0.9993 
 3764.35 0.9990 
 3764.40 0.9983 
 3764.45 0.9968 
 3764.50 0.9937 
 3764.55 0.9875 
 3764.60 0.9747 
 3764.65 0.9492 
 3764.70 0.9016 
 3764.75 0.8214 
 3764.80 0.7033 
 3764.85 0.5543 
 3764.90 0.3974 
 3764.95 0.2604 
 3765.00 0.1608 
 3765.05 0.1005 
 3765.10 0.0714 
 3765.15 0.0659 
 3765.20 0.0820 
 3765.25 0.1253 
 3765.30 0.2050 
 3765.35 0.3262 
 3765.40 0.4792 
 3765.45 0.6392 
 3765.50 0.7774 
 3765.55 0.8776 
 3765.60 0.9397 
 3765.65 0.9731 
 3765.70 0.9890 
 3765.75 0.9958 
 3765.80 0.9984 
 3765.85 0.9994 
 3765.90 0.9997 
 3765.95 0.9999 
 3766.00 0.9999 
 3766.05 0.9999 
 3766.10 0.9999 
 3766.15 0.9999 
 3766.20 0.9999 
 3766.25 0.9999 
 3766.30 0.9999 
 3766.35 0.9999 
 3766.40 0.9999 
 3766.45 0.9999 
 3766.50 0.9998 
 3766.55 0.9997 
 3766.60 0.9994 
 3766.65 0.9988 
 3766.70 0.9972 
 3766.75 0.9932 
 3766.80 0.9841 
 3766.85 0.9644 
 3766.90 0.9263 
 3766.95 0.8599 
 3767.00 0.7578 
 3767.05 0.6217 
 3767.10 0.4663 
 3767.15 0.3165 
 3767.20 0.1952 
 3767.25 0.1123 
 3767.30 0.0636 
 3767.35 0.0389 
 3767.40 0.0292 
 3767.45 0.0298 
 3767.50 0.0409 
 3767.55 0.0677 
 3767.60 0.1190 
 3767.65 0.2035 
 3767.70 0.3220 
 3767.75 0.4624 
 3767.80 0.6028 
 3767.85 0.7220 
 3767.90 0.8090 
 3767.95 0.8648 
 3768.00 0.8969 
 3768.05 0.9149 
 3768.10 0.9254 
 3768.15 0.9311 
 3768.20 0.9317 
 3768.25 0.9241 
 3768.30 0.9045 
 3768.35 0.8713 
 3768.40 0.8275 
 3768.45 0.7812 
 3768.50 0.7442 
 3768.55 0.7272 
 3768.60 0.7357 
 3768.65 0.7680 
 3768.70 0.8162 
 3768.75 0.8691 
 3768.80 0.9158 
 3768.85 0.9499 
 3768.90 0.9704 
 3768.95 0.9794 
 3769.00 0.9804 
 3769.05 0.9765 
 3769.10 0.9701 
 3769.15 0.9630 
 3769.20 0.9565 
 3769.25 0.9513 
 3769.30 0.9477 
 3769.35 0.9454 
 3769.40 0.9435 
 3769.45 0.9411 
 3769.50 0.9372 
 3769.55 0.9311 
 3769.60 0.9227 
 3769.65 0.9120 
 3769.70 0.8996 
 3769.75 0.8858 
 3769.80 0.8711 
 3769.85 0.8556 
 3769.90 0.8392 
 3769.95 0.8217 
 3770.00 0.8028 
 3770.05 0.7820 
 3770.10 0.7587 
 3770.15 0.7326 
 3770.20 0.7037 
 3770.25 0.6721 
 3770.30 0.6383 
 3770.35 0.6032 
 3770.40 0.5678 
 3770.45 0.5334 
 3770.50 0.5011 
 3770.55 0.4720 
 3770.60 0.4469 
 3770.65 0.4265 
 3770.70 0.4112 
 3770.75 0.4014 
 3770.80 0.3972 
 3770.85 0.3988 
 3770.90 0.4061 
 3770.95 0.4191 
 3771.00 0.4378 
 3771.05 0.4619 
 3771.10 0.4910 
 3771.15 0.5246 
 3771.20 0.5618 
 3771.25 0.6019 
 3771.30 0.6436 
 3771.35 0.6859 
 3771.40 0.7274 
 3771.45 0.7671 
 3771.50 0.8041 
 3771.55 0.8376 
 3771.60 0.8674 
 3771.65 0.8931 
 3771.70 0.9149 
 3771.75 0.9329 
 3771.80 0.9476 
 3771.85 0.9593 
 3771.90 0.9685 
 3771.95 0.9755 
 3772.00 0.9808 
 3772.05 0.9845 
 3772.10 0.9872 
 3772.15 0.9888 
 3772.20 0.9897 
 3772.25 0.9899 
 3772.30 0.9896 
 3772.35 0.9888 
 3772.40 0.9876 
 3772.45 0.9860 
 3772.50 0.9842 
 3772.55 0.9820 
 3772.60 0.9797 
 3772.65 0.9772 
 3772.70 0.9746 
 3772.75 0.9718 
 3772.80 0.9690 
 3772.85 0.9663 
 3772.90 0.9635 
 3772.95 0.9608 
 3773.00 0.9581 
 3773.05 0.9553 
 3773.10 0.9523 
 3773.15 0.9487 
 3773.20 0.9443 
 3773.25 0.9386 
 3773.30 0.9314 
 3773.35 0.9229 
 3773.40 0.9134 
 3773.45 0.9037 
 3773.50 0.8949 
 3773.55 0.8883 
 3773.60 0.8848 
 3773.65 0.8847 
 3773.70 0.8881 
 3773.75 0.8941 
 3773.80 0.9019 
 3773.85 0.9104 
 3773.90 0.9190 
 3773.95 0.9273 
 3774.00 0.9352 
 3774.05 0.9429 
 3774.10 0.9504 
 3774.15 0.9579 
 3774.20 0.9652 
 3774.25 0.9720 
 3774.30 0.9781 
 3774.35 0.9834 
 3774.40 0.9876 
 3774.45 0.9910 
 3774.50 0.9935 
 3774.55 0.9953 
 3774.60 0.9966 
 3774.65 0.9974 
 3774.70 0.9978 
 3774.75 0.9978 
 3774.80 0.9973 
 3774.85 0.9960 
 3774.90 0.9938 
 3774.95 0.9904 
 3775.00 0.9859 
 3775.05 0.9803 
 3775.10 0.9744 
 3775.15 0.9689 
 3775.20 0.9647 
 3775.25 0.9627 
 3775.30 0.9631 
 3775.35 0.9661 
 3775.40 0.9709 
 3775.45 0.9766 
 3775.50 0.9824 
 3775.55 0.9874 
 3775.60 0.9909 
 3775.65 0.9921 
 3775.70 0.9899 
 3775.75 0.9820 
 3775.80 0.9651 
 3775.85 0.9347 
 3775.90 0.8861 
 3775.95 0.8170 
 3776.00 0.7290 
 3776.05 0.6303 
 3776.10 0.5328 
 3776.15 0.4483 
 3776.20 0.3854 
 3776.25 0.3489 
 3776.30 0.3403 
 3776.35 0.3599 
 3776.40 0.4068 
 3776.45 0.4779 
 3776.50 0.5663 
 3776.55 0.6608 
 3776.60 0.7482 
 3776.65 0.8177 
 3776.70 0.8649 
 3776.75 0.8914 
 3776.80 0.9033 
 3776.85 0.9078 
 3776.90 0.9109 
 3776.95 0.9164 
 3777.00 0.9256 
 3777.05 0.9378 
 3777.10 0.9515 
 3777.15 0.9647 
 3777.20 0.9759 
 3777.25 0.9845 
 3777.30 0.9904 
 3777.35 0.9939 
 3777.40 0.9957 
 3777.45 0.9962 
 3777.50 0.9960 
 3777.55 0.9954 
 3777.60 0.9943 
 3777.65 0.9931 
 3777.70 0.9916 
 3777.75 0.9899 
 3777.80 0.9881 
 3777.85 0.9862 
 3777.90 0.9842 
 3777.95 0.9821 
 3778.00 0.9801 
 3778.05 0.9782 
 3778.10 0.9765 
 3778.15 0.9750 
 3778.20 0.9738 
 3778.25 0.9728 
 3778.30 0.9723 
 3778.35 0.9720 
 3778.40 0.9720 
 3778.45 0.9721 
 3778.50 0.9724 
 3778.55 0.9726 
 3778.60 0.9727 
 3778.65 0.9724 
 3778.70 0.9718 
 3778.75 0.9707 
 3778.80 0.9693 
 3778.85 0.9678 
 3778.90 0.9663 
 3778.95 0.9651 
 3779.00 0.9645 
 3779.05 0.9648 
 3779.10 0.9659 
 3779.15 0.9680 
 3779.20 0.9709 
 3779.25 0.9745 
 3779.30 0.9784 
 3779.35 0.9823 
 3779.40 0.9861 
 3779.45 0.9894 
 3779.50 0.9923 
 3779.55 0.9945 
 3779.60 0.9963 
 3779.65 0.9976 
 3779.70 0.9985 
 3779.75 0.9991 
 3779.80 0.9994 
 3779.85 0.9996 
 3779.90 0.9997 
 3779.95 0.9995 
 3780.00 0.9990 
 3780.05 0.9979 
 3780.10 0.9959 
 3780.15 0.9924 
 3780.20 0.9870 
 3780.25 0.9795 
 3780.30 0.9700 
 3780.35 0.9592 
 3780.40 0.9484 
 3780.45 0.9391 
 3780.50 0.9324 
 3780.55 0.9292 
 3780.60 0.9296 
 3780.65 0.9330 
 3780.70 0.9387 
 3780.75 0.9457 
 3780.80 0.9533 
 3780.85 0.9610 
 3780.90 0.9685 
 3780.95 0.9752 
 3781.00 0.9808 
 3781.05 0.9846 
 3781.10 0.9861 
 3781.15 0.9840 
 3781.20 0.9772 
 3781.25 0.9641 
 3781.30 0.9431 
 3781.35 0.9133 
 3781.40 0.8745 
 3781.45 0.8284 
 3781.50 0.7785 
 3781.55 0.7295 
 3781.60 0.6865 
 3781.65 0.6540 
 3781.70 0.6350 
 3781.75 0.6311 
 3781.80 0.6421 
 3781.85 0.6662 
 3781.90 0.6998 
 3781.95 0.7388 
 3782.00 0.7787 
 3782.05 0.8155 
 3782.10 0.8464 
 3782.15 0.8704 
 3782.20 0.8881 
 3782.25 0.9008 
 3782.30 0.9103 
 3782.35 0.9178 
 3782.40 0.9243 
 3782.45 0.9301 
 3782.50 0.9352 
 3782.55 0.9395 
 3782.60 0.9428 
 3782.65 0.9451 
 3782.70 0.9462 
 3782.75 0.9465 
 3782.80 0.9460 
 3782.85 0.9450 
 3782.90 0.9437 
 3782.95 0.9422 
 3783.00 0.9406 
 3783.05 0.9387 
 3783.10 0.9366 
 3783.15 0.9341 
 3783.20 0.9313 
 3783.25 0.9284 
 3783.30 0.9256 
 3783.35 0.9236 
 3783.40 0.9227 
 3783.45 0.9235 
 3783.50 0.9263 
 3783.55 0.9310 
 3783.60 0.9376 
 3783.65 0.9455 
 3783.70 0.9542 
 3783.75 0.9630 
 3783.80 0.9713 
 3783.85 0.9786 
 3783.90 0.9847 
 3783.95 0.9895 
 3784.00 0.9931 
 3784.05 0.9957 
 3784.10 0.9974 
 3784.15 0.9985 
 3784.20 0.9992 
 3784.25 0.9995 
 3784.30 0.9998 
 3784.35 0.9999 
 3784.40 0.9999 
 3784.45 1.0000 
 3784.50 1.0000 
 3784.55 1.0000 
 3784.60 1.0000 
 3784.65 1.0000 
 3784.70 1.0000 
 3784.75 1.0000 
 3784.80 1.0000 
 3784.85 1.0000 
 3784.90 1.0000 
 3784.95 1.0000 
 3785.00 1.0000 
 3785.05 1.0000 
 3785.10 1.0000 
 3785.15 1.0000 
 3785.20 1.0000 
 3785.25 1.0000 
 3785.30 1.0000 
 3785.35 1.0000 
 3785.40 1.0000 
 3785.45 1.0000 
 3785.50 1.0000 
 3785.55 1.0000 
 3785.60 1.0000 
 3785.65 1.0000 
 3785.70 1.0000 
 3785.75 1.0000 
 3785.80 1.0000 
 3785.85 1.0000 
 3785.90 1.0000 
 3785.95 1.0000 
 3786.00 1.0000 
 3786.05 1.0000 
 3786.10 1.0000 
 3786.15 1.0000 
 3786.20 1.0000 
 3786.25 1.0000 
 3786.30 1.0000 
 3786.35 1.0000 
 3786.40 1.0000 
 3786.45 1.0000 
 3786.50 1.0000 
 3786.55 1.0000 
 3786.60 1.0000 
 3786.65 1.0000 
 3786.70 1.0000 
 3786.75 1.0000 
 3786.80 1.0000 
 3786.85 1.0000 
 3786.90 1.0000 
 3786.95 1.0000 
 3787.00 1.0000 
 3787.05 1.0000 
 3787.10 1.0000 
 3787.15 1.0000 
 3787.20 1.0000 
 3787.25 1.0000 
 3787.30 1.0000 
 3787.35 1.0000 
 3787.40 1.0000 
 3787.45 1.0000 
 3787.50 1.0000 
 3787.55 1.0000 
 3787.60 1.0000 
 3787.65 1.0000 
 3787.70 1.0000 
 3787.75 0.9999 
 3787.80 0.9999 
 3787.85 0.9999 
 3787.90 0.9999 
 3787.95 0.9999 
 3788.00 0.9999 
 3788.05 0.9999 
 3788.10 0.9999 
 3788.15 0.9997 
 3788.20 0.9995 
 3788.25 0.9990 
 3788.30 0.9981 
 3788.35 0.9964 
 3788.40 0.9937 
 3788.45 0.9895 
 3788.50 0.9837 
 3788.55 0.9760 
 3788.60 0.9669 
 3788.65 0.9572 
 3788.70 0.9480 
 3788.75 0.9403 
 3788.80 0.9352 
 3788.85 0.9328 
 3788.90 0.9321 
 3788.95 0.9308 
 3789.00 0.9249 
 3789.05 0.9088 
 3789.10 0.8753 
 3789.15 0.8167 
 3789.20 0.7281 
 3789.25 0.6098 
 3789.30 0.4706 
 3789.35 0.3280 
 3789.40 0.2020 
 3789.45 0.1079 
 3789.50 0.0493 
 3789.55 0.0191 
 3789.60 0.0063 
 3789.65 0.0018 
 3789.70 0.0004 
 3789.75 0.0001 
 3789.80 0.0000 
 3789.85 0.0000 
 3789.90 0.0000 
 3789.95 0.0000 
 3790.00 0.0000 
 3790.05 0.0000 
 3790.10 0.0000 
 3790.15 0.0001 
 3790.20 0.0005 
 3790.25 0.0021 
 3790.30 0.0072 
 3790.35 0.0213 
 3790.40 0.0533 
 3790.45 0.1127 
 3790.50 0.2035 
 3790.55 0.3183 
 3790.60 0.4391 
 3790.65 0.5464 
 3790.70 0.6279 
 3790.75 0.6817 
 3790.80 0.7136 
 3790.85 0.7294 
 3790.90 0.7284 
 3790.95 0.7033 
 3791.00 0.6434 
 3791.05 0.5449 
 3791.10 0.4190 
 3791.15 0.2897 
 3791.20 0.1812 
 3791.25 0.1058 
 3791.30 0.0615 
 3791.35 0.0396 
 3791.40 0.0323 
 3791.45 0.0362 
 3791.50 0.0533 
 3791.55 0.0907 
 3791.60 0.1588 
 3791.65 0.2649 
 3791.70 0.4053 
 3791.75 0.5617 
 3791.80 0.7082 
 3791.85 0.8248 
 3791.90 0.9045 
 3791.95 0.9522 
 3792.00 0.9774 
 3792.05 0.9893 
 3792.10 0.9942 
 3792.15 0.9955 
 3792.20 0.9953 
 3792.25 0.9943 
 3792.30 0.9929 
 3792.35 0.9912 
 3792.40 0.9892 
 3792.45 0.9871 
 3792.50 0.9849 
 3792.55 0.9827 
 3792.60 0.9805 
 3792.65 0.9785 
 3792.70 0.9769 
 3792.75 0.9756 
 3792.80 0.9747 
 3792.85 0.9744 
 3792.90 0.9746 
 3792.95 0.9754 
 3793.00 0.9766 
 3793.05 0.9782 
 3793.10 0.9801 
 3793.15 0.9822 
 3793.20 0.9844 
 3793.25 0.9867 
 3793.30 0.9888 
 3793.35 0.9908 
 3793.40 0.9926 
 3793.45 0.9942 
 3793.50 0.9955 
 3793.55 0.9966 
 3793.60 0.9975 
 3793.65 0.9982 
 3793.70 0.9987 
 3793.75 0.9991 
 3793.80 0.9994 
 3793.85 0.9996 
 3793.90 0.9997 
 3793.95 0.9998 
 3794.00 0.9998 
 3794.05 0.9998 
 3794.10 0.9998 
 3794.15 0.9998 
 3794.20 0.9997 
 3794.25 0.9995 
 3794.30 0.9992 
 3794.35 0.9989 
 3794.40 0.9983 
 3794.45 0.9976 
 3794.50 0.9967 
 3794.55 0.9955 
 3794.60 0.9940 
 3794.65 0.9922 
 3794.70 0.9900 
 3794.75 0.9875 
 3794.80 0.9847 
 3794.85 0.9817 
 3794.90 0.9786 
 3794.95 0.9755 
 3795.00 0.9726 
 3795.05 0.9700 
 3795.10 0.9678 
 3795.15 0.9662 
 3795.20 0.9653 
 3795.25 0.9651 
 3795.30 0.9657 
 3795.35 0.9670 
 3795.40 0.9689 
 3795.45 0.9713 
 3795.50 0.9741 
 3795.55 0.9772 
 3795.60 0.9803 
 3795.65 0.9833 
 3795.70 0.9862 
 3795.75 0.9887 
 3795.80 0.9910 
 3795.85 0.9928 
 3795.90 0.9941 
 3795.95 0.9950 
 3796.00 0.9953 
 3796.05 0.9951 
 3796.10 0.9944 
 3796.15 0.9930 
 3796.20 0.9911 
 3796.25 0.9887 
 3796.30 0.9859 
 3796.35 0.9830 
 3796.40 0.9801 
 3796.45 0.9775 
 3796.50 0.9754 
 3796.55 0.9742 
 3796.60 0.9739 
 3796.65 0.9745 
 3796.70 0.9760 
 3796.75 0.9782 
 3796.80 0.9809 
 3796.85 0.9840 
 3796.90 0.9870 
 3796.95 0.9898 
 3797.00 0.9923 
 3797.05 0.9944 
 3797.10 0.9961 
 3797.15 0.9974 
 3797.20 0.9983 
 3797.25 0.9989 
 3797.30 0.9993 
 3797.35 0.9995 
 3797.40 0.9996 
 3797.45 0.9996 
 3797.50 0.9994 
 3797.55 0.9990 
 3797.60 0.9983 
 3797.65 0.9973 
 3797.70 0.9958 
 3797.75 0.9936 
 3797.80 0.9906 
 3797.85 0.9867 
 3797.90 0.9818 
 3797.95 0.9759 
 3798.00 0.9692 
 3798.05 0.9620 
 3798.10 0.9546 
 3798.15 0.9473 
 3798.20 0.9404 
 3798.25 0.9334 
 3798.30 0.9253 
 3798.35 0.9133 
 3798.40 0.8932 
 3798.45 0.8591 
 3798.50 0.8054 
 3798.55 0.7287 
 3798.60 0.6311 
 3798.65 0.5216 
 3798.70 0.4134 
 3798.75 0.3194 
 3798.80 0.2478 
 3798.85 0.2009 
 3798.90 0.1776 
 3798.95 0.1766 
 3799.00 0.1979 
 3799.05 0.2432 
 3799.10 0.3143 
 3799.15 0.4097 
 3799.20 0.5228 
 3799.25 0.6411 
 3799.30 0.7504 
 3799.35 0.8399 
 3799.40 0.9053 
 3799.45 0.9479 
 3799.50 0.9729 
 3799.55 0.9854 
 3799.60 0.9892 
 3799.65 0.9863 
 3799.70 0.9778 
 3799.75 0.9655 
 3799.80 0.9531 
 3799.85 0.9452 
 3799.90 0.9449 
 3799.95 0.9525 
 3800.00 0.9647 
 3800.05 0.9772 
 3800.10 0.9866 
 3800.15 0.9919 
 3800.20 0.9931 
 3800.25 0.9912 
 3800.30 0.9865 
 3800.35 0.9793 
 3800.40 0.9694 
 3800.45 0.9569 
 3800.50 0.9423 
 3800.55 0.9265 
 3800.60 0.9108 
 3800.65 0.8970 
 3800.70 0.8865 
 3800.75 0.8808 
 3800.80 0.8804 
 3800.85 0.8855 
 3800.90 0.8954 
 3800.95 0.9089 
 3801.00 0.9243 
 3801.05 0.9401 
 3801.10 0.9549 
 3801.15 0.9677 
 3801.20 0.9780 
 3801.25 0.9858 
 3801.30 0.9912 
 3801.35 0.9948 
 3801.40 0.9971 
 3801.45 0.9985 
 3801.50 0.9992 
 3801.55 0.9996 
 3801.60 0.9998 
 3801.65 0.9999 
 3801.70 1.0000 
 3801.75 1.0000 
 3801.80 1.0000 
 3801.85 1.0000 
 3801.90 1.0000 
 3801.95 1.0000 
 3802.00 1.0000 
 3802.05 1.0000 
 3802.10 1.0000 
 3802.15 1.0000 
 3802.20 1.0000 
 3802.25 1.0000 
 3802.30 1.0000 
 3802.35 1.0000 
 3802.40 1.0000 
 3802.45 1.0000 
 3802.50 1.0000 
 3802.55 1.0000 
 3802.60 1.0000 
 3802.65 1.0000 
 3802.70 1.0000 
 3802.75 1.0000 
 3802.80 1.0000 
 3802.85 1.0000 
 3802.90 1.0000 
 3802.95 1.0000 
 3803.00 1.0000 
 3803.05 1.0000 
 3803.10 1.0000 
 3803.15 0.9999 
 3803.20 0.9998 
 3803.25 0.9995 
 3803.30 0.9990 
 3803.35 0.9978 
 3803.40 0.9956 
 3803.45 0.9920 
 3803.50 0.9864 
 3803.55 0.9788 
 3803.60 0.9692 
 3803.65 0.9588 
 3803.70 0.9488 
 3803.75 0.9410 
 3803.80 0.9369 
 3803.85 0.9375 
 3803.90 0.9424 
 3803.95 0.9508 
 3804.00 0.9611 
 3804.05 0.9714 
 3804.10 0.9806 
 3804.15 0.9878 
 3804.20 0.9929 
 3804.25 0.9961 
 3804.30 0.9980 
 3804.35 0.9990 
 3804.40 0.9994 
 3804.45 0.9994 
 3804.50 0.9991 
 3804.55 0.9984 
 3804.60 0.9970 
 3804.65 0.9946 
 3804.70 0.9907 
 3804.75 0.9847 
 3804.80 0.9758 
 3804.85 0.9635 
 3804.90 0.9473 
 3804.95 0.9271 
 3805.00 0.9037 
 3805.05 0.8781 
 3805.10 0.8520 
 3805.15 0.8276 
 3805.20 0.8070 
 3805.25 0.7919 
 3805.30 0.7837 
 3805.35 0.7831 
 3805.40 0.7899 
 3805.45 0.8031 
 3805.50 0.8213 
 3805.55 0.8426 
 3805.60 0.8650 
 3805.65 0.8867 
 3805.70 0.9064 
 3805.75 0.9233 
 3805.80 0.9372 
 3805.85 0.9482 
 3805.90 0.9568 
 3805.95 0.9636 
 3806.00 0.9692 
 3806.05 0.9740 
 3806.10 0.9782 
 3806.15 0.9819 
 3806.20 0.9853 
 3806.25 0.9882 
 3806.30 0.9908 
 3806.35 0.9930 
 3806.40 0.9948 
 3806.45 0.9962 
 3806.50 0.9973 
 3806.55 0.9982 
 3806.60 0.9988 
 3806.65 0.9992 
 3806.70 0.9995 
 3806.75 0.9997 
 3806.80 0.9998 
 3806.85 0.9999 
 3806.90 0.9999 
 3806.95 1.0000 
 3807.00 1.0000 
 3807.05 1.0000 
 3807.10 1.0000 
 3807.15 1.0000 
 3807.20 1.0000 
 3807.25 1.0000 
 3807.30 0.9999 
 3807.35 0.9999 
 3807.40 0.9999 
 3807.45 0.9998 
 3807.50 0.9997 
 3807.55 0.9995 
 3807.60 0.9993 
 3807.65 0.9989 
 3807.70 0.9984 
 3807.75 0.9977 
 3807.80 0.9965 
 3807.85 0.9945 
 3807.90 0.9907 
 3807.95 0.9831 
 3808.00 0.9682 
 3808.05 0.9410 
 3808.10 0.8956 
 3808.15 0.8274 
 3808.20 0.7368 
 3808.25 0.6313 
 3808.30 0.5247 
 3808.35 0.4317 
 3808.40 0.3633 
 3808.45 0.3249 
 3808.50 0.3185 
 3808.55 0.3438 
 3808.60 0.3994 
 3808.65 0.4810 
 3808.70 0.5797 
 3808.75 0.6821 
 3808.80 0.7747 
 3808.85 0.8484 
 3808.90 0.9006 
 3808.95 0.9341 
 3809.00 0.9543 
 3809.05 0.9664 
 3809.10 0.9737 
 3809.15 0.9788 
 3809.20 0.9827 
 3809.25 0.9859 
 3809.30 0.9887 
 3809.35 0.9910 
 3809.40 0.9930 
 3809.45 0.9947 
 3809.50 0.9960 
 3809.55 0.9970 
 3809.60 0.9978 
 3809.65 0.9984 
 3809.70 0.9989 
 3809.75 0.9992 
 3809.80 0.9994 
 3809.85 0.9995 
 3809.90 0.9996 
 3809.95 0.9996 
 3810.00 0.9996 
 3810.05 0.9995 
 3810.10 0.9993 
 3810.15 0.9991 
 3810.20 0.9988 
 3810.25 0.9985 
 3810.30 0.9980 
 3810.35 0.9974 
 3810.40 0.9967 
 3810.45 0.9958 
 3810.50 0.9947 
 3810.55 0.9934 
 3810.60 0.9918 
 3810.65 0.9900 
 3810.70 0.9878 
 3810.75 0.9853 
 3810.80 0.9825 
 3810.85 0.9793 
 3810.90 0.9757 
 3810.95 0.9717 
 3811.00 0.9671 
 3811.05 0.9614 
 3811.10 0.9532 
 3811.15 0.9397 
 3811.20 0.9149 
 3811.25 0.8697 
 3811.30 0.7951 
 3811.35 0.6865 
 3811.40 0.5508 
 3811.45 0.4082 
 3811.50 0.2828 
 3811.55 0.1903 
 3811.60 0.1337 
 3811.65 0.1087 
 3811.70 0.1108 
 3811.75 0.1402 
 3811.80 0.2015 
 3811.85 0.2982 
 3811.90 0.4247 
 3811.95 0.5637 
 3812.00 0.6921 
 3812.05 0.7926 
 3812.10 0.8601 
 3812.15 0.9004 
 3812.20 0.9229 
 3812.25 0.9354 
 3812.30 0.9426 
 3812.35 0.9469 
 3812.40 0.9491 
 3812.45 0.9490 
 3812.50 0.9463 
 3812.55 0.9406 
 3812.60 0.9319 
 3812.65 0.9205 
 3812.70 0.9077 
 3812.75 0.8948 
 3812.80 0.8836 
 3812.85 0.8760 
 3812.90 0.8733 
 3812.95 0.8762 
 3813.00 0.8845 
 3813.05 0.8972 
 3813.10 0.9129 
 3813.15 0.9296 
 3813.20 0.9457 
 3813.25 0.9594 
 3813.30 0.9696 
 3813.35 0.9750 
 3813.40 0.9748 
 3813.45 0.9683 
 3813.50 0.9556 
 3813.55 0.9378 
 3813.60 0.9175 
 3813.65 0.8984 
 3813.70 0.8846 
 3813.75 0.8793 
 3813.80 0.8838 
 3813.85 0.8971 
 3813.90 0.9163 
 3813.95 0.9376 
 3814.00 0.9574 
 3814.05 0.9733 
 3814.10 0.9847 
 3814.15 0.9920 
 3814.20 0.9961 
 3814.25 0.9983 
 3814.30 0.9993 
 3814.35 0.9997 
 3814.40 0.9999 
 3814.45 1.0000 
 3814.50 1.0000 
 3814.55 1.0000 
 3814.60 1.0000 
 3814.65 1.0000 
 3814.70 1.0000 
 3814.75 1.0000 
 3814.80 1.0000 
 3814.85 1.0000 
 3814.90 1.0000 
 3814.95 1.0000 
 3815.00 1.0000 
 3815.05 1.0000 
 3815.10 1.0000 
 3815.15 1.0000 
 3815.20 1.0000 
 3815.25 1.0000 
 3815.30 1.0000 
 3815.35 1.0000 
 3815.40 1.0000 
 3815.45 1.0000 
 3815.50 1.0000 
 3815.55 1.0000 
 3815.60 1.0000 
 3815.65 1.0000 
 3815.70 1.0000 
 3815.75 1.0000 
 3815.80 1.0000 
 3815.85 1.0000 
 3815.90 1.0000 
 3815.95 1.0000 
 3816.00 1.0000 
 3816.05 1.0000 
 3816.10 1.0000 
 3816.15 1.0000 
 3816.20 1.0000 
 3816.25 1.0000 
 3816.30 1.0000 
 3816.35 1.0000 
 3816.40 1.0000 
 3816.45 1.0000 
 3816.50 1.0000 
 3816.55 1.0000 
 3816.60 1.0000 
 3816.65 1.0000 
 3816.70 1.0000 
 3816.75 1.0000 
 3816.80 1.0000 
 3816.85 1.0000 
 3816.90 1.0000 
 3816.95 1.0000 
 3817.00 1.0000 
 3817.05 1.0000 
 3817.10 1.0000 
 3817.15 1.0000 
 3817.20 1.0000 
 3817.25 1.0000 
 3817.30 1.0000 
 3817.35 1.0000 
 3817.40 1.0000 
 3817.45 1.0000 
 3817.50 1.0000 
 3817.55 1.0000 
 3817.60 1.0000 
 3817.65 1.0000 
 3817.70 1.0000 
 3817.75 1.0000 
 3817.80 1.0000 
 3817.85 1.0000 
 3817.90 1.0000 
 3817.95 1.0000 
 3818.00 1.0000 
 3818.05 1.0000 
 3818.10 1.0000 
 3818.15 1.0000 
 3818.20 1.0000 
 3818.25 1.0000 
 3818.30 1.0000 
 3818.35 1.0000 
 3818.40 1.0000 
 3818.45 1.0000 
 3818.50 1.0000 
 3818.55 1.0000 
 3818.60 1.0000 
 3818.65 1.0000 
 3818.70 1.0000 
 3818.75 1.0000 
 3818.80 1.0000 
 3818.85 1.0000 
 3818.90 1.0000 
 3818.95 1.0000 
 3819.00 1.0000 
 3819.05 1.0000 
 3819.10 1.0000 
 3819.15 1.0000 
 3819.20 1.0000 
 3819.25 1.0000 
 3819.30 1.0000 
 3819.35 1.0000 
 3819.40 1.0000 
 3819.45 1.0000 
 3819.50 1.0000 
 3819.55 1.0000 
 3819.60 1.0000 
 3819.65 1.0000 
 3819.70 1.0000 
 3819.75 0.9999 
 3819.80 0.9998 
 3819.85 0.9995 
 3819.90 0.9989 
 3819.95 0.9975 
 3820.00 0.9947 
 3820.05 0.9897 
 3820.10 0.9808 
 3820.15 0.9663 
 3820.20 0.9442 
 3820.25 0.9131 
 3820.30 0.8725 
 3820.35 0.8237 
 3820.40 0.7701 
 3820.45 0.7165 
 3820.50 0.6684 
 3820.55 0.6307 
 3820.60 0.6072 
 3820.65 0.6003 
 3820.70 0.6104 
 3820.75 0.6367 
 3820.80 0.6764 
 3820.85 0.7254 
 3820.90 0.7788 
 3820.95 0.8315 
 3821.00 0.8787 
 3821.05 0.9175 
 3821.10 0.9470 
 3821.15 0.9678 
 3821.20 0.9811 
 3821.25 0.9891 
 3821.30 0.9935 
 3821.35 0.9956 
 3821.40 0.9964 
 3821.45 0.9965 
 3821.50 0.9961 
 3821.55 0.9954 
 3821.60 0.9945 
 3821.65 0.9935 
 3821.70 0.9925 
 3821.75 0.9913 
 3821.80 0.9900 
 3821.85 0.9887 
 3821.90 0.9874 
 3821.95 0.9861 
 3822.00 0.9848 
 3822.05 0.9836 
 3822.10 0.9826 
 3822.15 0.9816 
 3822.20 0.9809 
 3822.25 0.9803 
 3822.30 0.9800 
 3822.35 0.9799 
 3822.40 0.9800 
 3822.45 0.9804 
 3822.50 0.9810 
 3822.55 0.9817 
 3822.60 0.9827 
 3822.65 0.9838 
 3822.70 0.9850 
 3822.75 0.9863 
 3822.80 0.9876 
 3822.85 0.9889 
 3822.90 0.9902 
 3822.95 0.9914 
 3823.00 0.9926 
 3823.05 0.9937 
 3823.10 0.9947 
 3823.15 0.9956 
 3823.20 0.9964 
 3823.25 0.9970 
 3823.30 0.9976 
 3823.35 0.9981 
 3823.40 0.9985 
 3823.45 0.9988 
 3823.50 0.9991 
 3823.55 0.9993 
 3823.60 0.9995 
 3823.65 0.9996 
 3823.70 0.9997 
 3823.75 0.9998 
 3823.80 0.9999 
 3823.85 0.9999 
 3823.90 0.9999 
 3823.95 0.9999 
 3824.00 0.9999 
 3824.05 0.9999 
 3824.10 0.9999 
 3824.15 0.9998 
 3824.20 0.9996 
 3824.25 0.9993 
 3824.30 0.9988 
 3824.35 0.9979 
 3824.40 0.9965 
 3824.45 0.9942 
 3824.50 0.9907 
 3824.55 0.9856 
 3824.60 0.9783 
 3824.65 0.9684 
 3824.70 0.9553 
 3824.75 0.9388 
 3824.80 0.9188 
 3824.85 0.8955 
 3824.90 0.8698 
 3824.95 0.8426 
 3825.00 0.8154 
 3825.05 0.7898 
 3825.10 0.7672 
 3825.15 0.7491 
 3825.20 0.7367 
 3825.25 0.7306 
 3825.30 0.7314 
 3825.35 0.7390 
 3825.40 0.7529 
 3825.45 0.7722 
 3825.50 0.7957 
 3825.55 0.8218 
 3825.60 0.8490 
 3825.65 0.8757 
 3825.70 0.9007 
 3825.75 0.9229 
 3825.80 0.9417 
 3825.85 0.9569 
 3825.90 0.9686 
 3825.95 0.9770 
 3826.00 0.9827 
 3826.05 0.9862 
 3826.10 0.9880 
 3826.15 0.9885 
 3826.20 0.9880 
 3826.25 0.9870 
 3826.30 0.9855 
 3826.35 0.9839 
 3826.40 0.9822 
 3826.45 0.9807 
 3826.50 0.9794 
 3826.55 0.9784 
 3826.60 0.9778 
 3826.65 0.9776 
 3826.70 0.9778 
 3826.75 0.9785 
 3826.80 0.9795 
 3826.85 0.9809 
 3826.90 0.9825 
 3826.95 0.9843 
 3827.00 0.9862 
 3827.05 0.9881 
 3827.10 0.9900 
 3827.15 0.9917 
 3827.20 0.9932 
 3827.25 0.9946 
 3827.30 0.9958 
 3827.35 0.9968 
 3827.40 0.9976 
 3827.45 0.9982 
 3827.50 0.9987 
 3827.55 0.9991 
 3827.60 0.9994 
 3827.65 0.9996 
 3827.70 0.9997 
 3827.75 0.9998 
 3827.80 0.9999 
 3827.85 0.9999 
 3827.90 1.0000 
 3827.95 1.0000 
 3828.00 1.0000 
 3828.05 1.0000 
 3828.10 1.0000 
 3828.15 1.0000 
 3828.20 1.0000 
 3828.25 1.0000 
 3828.30 1.0000 
 3828.35 1.0000 
 3828.40 1.0000 
 3828.45 1.0000 
 3828.50 1.0000 
 3828.55 1.0000 
 3828.60 0.9999 
 3828.65 0.9999 
 3828.70 0.9999 
 3828.75 0.9999 
 3828.80 0.9998 
 3828.85 0.9998 
 3828.90 0.9997 
 3828.95 0.9996 
 3829.00 0.9995 
 3829.05 0.9994 
 3829.10 0.9993 
 3829.15 0.9991 
 3829.20 0.9989 
 3829.25 0.9987 
 3829.30 0.9984 
 3829.35 0.9980 
 3829.40 0.9976 
 3829.45 0.9971 
 3829.50 0.9966 
 3829.55 0.9960 
 3829.60 0.9952 
 3829.65 0.9944 
 3829.70 0.9935 
 3829.75 0.9925 
 3829.80 0.9913 
 3829.85 0.9900 
 3829.90 0.9884 
 3829.95 0.9867 
 3830.00 0.9846 
 3830.05 0.9821 
 3830.10 0.9791 
 3830.15 0.9753 
 3830.20 0.9705 
 3830.25 0.9647 
 3830.30 0.9574 
 3830.35 0.9487 
 3830.40 0.9384 
 3830.45 0.9266 
 3830.50 0.9136 
 3830.55 0.9000 
 3830.60 0.8864 
 3830.65 0.8736 
 3830.70 0.8624 
 3830.75 0.8536 
 3830.80 0.8479 
 3830.85 0.8457 
 3830.90 0.8472 
 3830.95 0.8521 
 3831.00 0.8601 
 3831.05 0.8706 
 3831.10 0.8828 
 3831.15 0.8958 
 3831.20 0.9089 
 3831.25 0.9213 
 3831.30 0.9327 
 3831.35 0.9426 
 3831.40 0.9511 
 3831.45 0.9581 
 3831.50 0.9638 
 3831.55 0.9683 
 3831.60 0.9717 
 3831.65 0.9738 
 3831.70 0.9742 
 3831.75 0.9725 
 3831.80 0.9681 
 3831.85 0.9604 
 3831.90 0.9501 
 3831.95 0.9382 
 3832.00 0.9271 
 3832.05 0.9194 
 3832.10 0.9170 
 3832.15 0.9210 
 3832.20 0.9305 
 3832.25 0.9436 
 3832.30 0.9577 
 3832.35 0.9707 
 3832.40 0.9810 
 3832.45 0.9884 
 3832.50 0.9931 
 3832.55 0.9959 
 3832.60 0.9975 
 3832.65 0.9983 
 3832.70 0.9988 
 3832.75 0.9991 
 3832.80 0.9993 
 3832.85 0.9995 
 3832.90 0.9996 
 3832.95 0.9997 
 3833.00 0.9997 
 3833.05 0.9998 
 3833.10 0.9998 
 3833.15 0.9999 
 3833.20 0.9999 
 3833.25 0.9999 
 3833.30 0.9999 
 3833.35 1.0000 
 3833.40 1.0000 
 3833.45 1.0000 
 3833.50 1.0000 
 3833.55 1.0000 
 3833.60 1.0000 
 3833.65 1.0000 
 3833.70 1.0000 
 3833.75 1.0000 
 3833.80 1.0000 
 3833.85 1.0000 
 3833.90 1.0000 
 3833.95 1.0000 
 3834.00 1.0000 
 3834.05 1.0000 
 3834.10 0.9999 
 3834.15 0.9997 
 3834.20 0.9993 
 3834.25 0.9983 
 3834.30 0.9963 
 3834.35 0.9922 
 3834.40 0.9849 
 3834.45 0.9727 
 3834.50 0.9541 
 3834.55 0.9281 
 3834.60 0.8951 
 3834.65 0.8574 
 3834.70 0.8192 
 3834.75 0.7853 
 3834.80 0.7606 
 3834.85 0.7490 
 3834.90 0.7522 
 3834.95 0.7696 
 3835.00 0.7986 
 3835.05 0.8347 
 3835.10 0.8728 
 3835.15 0.9081 
 3835.20 0.9371 
 3835.25 0.9579 
 3835.30 0.9702 
 3835.35 0.9746 
 3835.40 0.9718 
 3835.45 0.9628 
 3835.50 0.9484 
 3835.55 0.9295 
 3835.60 0.9076 
 3835.65 0.8848 
 3835.70 0.8634 
 3835.75 0.8460 
 3835.80 0.8346 
 3835.85 0.8309 
 3835.90 0.8351 
 3835.95 0.8468 
 3836.00 0.8645 
 3836.05 0.8860 
 3836.10 0.9089 
 3836.15 0.9307 
 3836.20 0.9499 
 3836.25 0.9655 
 3836.30 0.9771 
 3836.35 0.9849 
 3836.40 0.9894 
 3836.45 0.9910 
 3836.50 0.9901 
 3836.55 0.9869 
 3836.60 0.9814 
 3836.65 0.9734 
 3836.70 0.9627 
 3836.75 0.9494 
 3836.80 0.9338 
 3836.85 0.9163 
 3836.90 0.8978 
 3836.95 0.8796 
 3837.00 0.8629 
 3837.05 0.8489 
 3837.10 0.8387 
 3837.15 0.8329 
 3837.20 0.8320 
 3837.25 0.8358 
 3837.30 0.8437 
 3837.35 0.8547 
 3837.40 0.8676 
 3837.45 0.8810 
 3837.50 0.8936 
 3837.55 0.9044 
 3837.60 0.9127 
 3837.65 0.9183 
 3837.70 0.9215 
 3837.75 0.9226 
 3837.80 0.9223 
 3837.85 0.9214 
 3837.90 0.9204 
 3837.95 0.9199 
 3838.00 0.9205 
 3838.05 0.9222 
 3838.10 0.9253 
 3838.15 0.9296 
 3838.20 0.9351 
 3838.25 0.9413 
 3838.30 0.9481 
 3838.35 0.9550 
 3838.40 0.9619 
 3838.45 0.9685 
 3838.50 0.9744 
 3838.55 0.9797 
 3838.60 0.9843 
 3838.65 0.9881 
 3838.70 0.9912 
 3838.75 0.9936 
 3838.80 0.9954 
 3838.85 0.9968 
 3838.90 0.9977 
 3838.95 0.9982 
 3839.00 0.9983 
 3839.05 0.9979 
 3839.10 0.9967 
 3839.15 0.9941 
 3839.20 0.9892 
 3839.25 0.9806 
 3839.30 0.9662 
 3839.35 0.9431 
 3839.40 0.9080 
 3839.45 0.8576 
 3839.50 0.7896 
 3839.55 0.7037 
 3839.60 0.6027 
 3839.65 0.4930 
 3839.70 0.3838 
 3839.75 0.2844 
 3839.80 0.2015 
 3839.85 0.1379 
 3839.90 0.0927 
 3839.95 0.0626 
 3840.00 0.0439 
 3840.05 0.0329 
 3840.10 0.0273 
 3840.15 0.0255 
 3840.20 0.0272 
 3840.25 0.0327 
 3840.30 0.0432 
 3840.35 0.0608 
 3840.40 0.0884 
 3840.45 0.1290 
 3840.50 0.1853 
 3840.55 0.2581 
 3840.60 0.3453 
 3840.65 0.4423 
 3840.70 0.5423 
 3840.75 0.6382 
 3840.80 0.7240 
 3840.85 0.7962 
 3840.90 0.8531 
 3840.95 0.8952 
 3841.00 0.9243 
 3841.05 0.9429 
 3841.10 0.9533 
 3841.15 0.9576 
 3841.20 0.9578 
 3841.25 0.9554 
 3841.30 0.9519 
 3841.35 0.9483 
 3841.40 0.9453 
 3841.45 0.9432 
 3841.50 0.9420 
 3841.55 0.9410 
 3841.60 0.9393 
 3841.65 0.9351 
 3841.70 0.9267 
 3841.75 0.9119 
 3841.80 0.8894 
 3841.85 0.8583 
 3841.90 0.8193 
 3841.95 0.7744 
 3842.00 0.7268 
 3842.05 0.6806 
 3842.10 0.6398 
 3842.15 0.6080 
 3842.20 0.5878 
 3842.25 0.5807 
 3842.30 0.5875 
 3842.35 0.6076 
 3842.40 0.6396 
 3842.45 0.6811 
 3842.50 0.7288 
 3842.55 0.7787 
 3842.60 0.8270 
 3842.65 0.8705 
 3842.70 0.9069 
 3842.75 0.9354 
 3842.80 0.9562 
 3842.85 0.9702 
 3842.90 0.9789 
 3842.95 0.9836 
 3843.00 0.9856 
 3843.05 0.9858 
 3843.10 0.9849 
 3843.15 0.9835 
 3843.20 0.9818 
 3843.25 0.9802 
 3843.30 0.9787 
 3843.35 0.9775 
 3843.40 0.9767 
 3843.45 0.9763 
 3843.50 0.9764 
 3843.55 0.9769 
 3843.60 0.9779 
 3843.65 0.9792 
 3843.70 0.9808 
 3843.75 0.9827 
 3843.80 0.9846 
 3843.85 0.9866 
 3843.90 0.9886 
 3843.95 0.9905 
 3844.00 0.9922 
 3844.05 0.9938 
 3844.10 0.9951 
 3844.15 0.9962 
 3844.20 0.9971 
 3844.25 0.9979 
 3844.30 0.9984 
 3844.35 0.9989 
 3844.40 0.9992 
 3844.45 0.9994 
 3844.50 0.9995 
 3844.55 0.9996 
 3844.60 0.9995 
 3844.65 0.9993 
 3844.70 0.9989 
 3844.75 0.9982 
 3844.80 0.9970 
 3844.85 0.9951 
 3844.90 0.9922 
 3844.95 0.9878 
 3845.00 0.9815 
 3845.05 0.9727 
 3845.10 0.9609 
 3845.15 0.9454 
 3845.20 0.9259 
 3845.25 0.9023 
 3845.30 0.8745 
 3845.35 0.8434 
 3845.40 0.8097 
 3845.45 0.7750 
 3845.50 0.7407 
 3845.55 0.7086 
 3845.60 0.6802 
 3845.65 0.6571 
 3845.70 0.6401 
 3845.75 0.6301 
 3845.80 0.6275 
 3845.85 0.6325 
 3845.90 0.6448 
 3845.95 0.6638 
 3846.00 0.6887 
 3846.05 0.7183 
 3846.10 0.7511 
 3846.15 0.7855 
 3846.20 0.8199 
 3846.25 0.8527 
 3846.30 0.8828 
 3846.35 0.9092 
 3846.40 0.9315 
 3846.45 0.9496 
 3846.50 0.9638 
 3846.55 0.9746 
 3846.60 0.9825 
 3846.65 0.9880 
 3846.70 0.9918 
 3846.75 0.9942 
 3846.80 0.9957 
 3846.85 0.9966 
 3846.90 0.9970 
 3846.95 0.9971 
 3847.00 0.9970 
 3847.05 0.9968 
 3847.10 0.9964 
 3847.15 0.9960 
 3847.20 0.9955 
 3847.25 0.9950 
 3847.30 0.9944 
 3847.35 0.9937 
 3847.40 0.9930 
 3847.45 0.9921 
 3847.50 0.9912 
 3847.55 0.9903 
 3847.60 0.9892 
 3847.65 0.9880 
 3847.70 0.9867 
 3847.75 0.9853 
 3847.80 0.9838 
 3847.85 0.9821 
 3847.90 0.9804 
 3847.95 0.9784 
 3848.00 0.9764 
 3848.05 0.9741 
 3848.10 0.9718 
 3848.15 0.9692 
 3848.20 0.9663 
 3848.25 0.9631 
 3848.30 0.9591 
 3848.35 0.9537 
 3848.40 0.9456 
 3848.45 0.9333 
 3848.50 0.9148 
 3848.55 0.8886 
 3848.60 0.8544 
 3848.65 0.8147 
 3848.70 0.7741 
 3848.75 0.7382 
 3848.80 0.7130 
 3848.85 0.7018 
 3848.90 0.7044 
 3848.95 0.7157 
 3849.00 0.7251 
 3849.05 0.7172 
 3849.10 0.6760 
 3849.15 0.5916 
 3849.20 0.4690 
 3849.25 0.3308 
 3849.30 0.2058 
 3849.35 0.1143 
 3849.40 0.0592 
 3849.45 0.0312 
 3849.50 0.0196 
 3849.55 0.0177 
 3849.60 0.0242 
 3849.65 0.0429 
 3849.70 0.0826 
 3849.75 0.1529 
 3849.80 0.2573 
 3849.85 0.3850 
 3849.90 0.5134 
 3849.95 0.6201 
 3850.00 0.6939 
 3850.05 0.7368 
 3850.10 0.7576 
 3850.15 0.7655 
 3850.20 0.7669 
 3850.25 0.7655 
 3850.30 0.7632 
 3850.35 0.7607 
 3850.40 0.7585 
 3850.45 0.7565 
 3850.50 0.7548 
 3850.55 0.7535 
 3850.60 0.7526 
 3850.65 0.7520 
 3850.70 0.7518 
 3850.75 0.7519 
 3850.80 0.7524 
 3850.85 0.7533 
 3850.90 0.7545 
 3850.95 0.7561 
 3851.00 0.7580 
 3851.05 0.7603 
 3851.10 0.7628 
 3851.15 0.7657 
 3851.20 0.7688 
 3851.25 0.7719 
 3851.30 0.7749 
 3851.35 0.7771 
 3851.40 0.7777 
 3851.45 0.7754 
 3851.50 0.7690 
 3851.55 0.7570 
 3851.60 0.7390 
 3851.65 0.7159 
 3851.70 0.6904 
 3851.75 0.6664 
 3851.80 0.6484 
 3851.85 0.6402 
 3851.90 0.6443 
 3851.95 0.6609 
 3852.00 0.6882 
 3852.05 0.7227 
 3852.10 0.7598 
 3852.15 0.7952 
 3852.20 0.8259 
 3852.25 0.8505 
 3852.30 0.8691 
 3852.35 0.8828 
 3852.40 0.8929 
 3852.45 0.9006 
 3852.50 0.9068 
 3852.55 0.9120 
 3852.60 0.9166 
 3852.65 0.9206 
 3852.70 0.9240 
 3852.75 0.9267 
 3852.80 0.9287 
 3852.85 0.9298 
 3852.90 0.9301 
 3852.95 0.9293 
 3853.00 0.9276 
 3853.05 0.9250 
 3853.10 0.9215 
 3853.15 0.9175 
 3853.20 0.9131 
 3853.25 0.9086 
 3853.30 0.9044 
 3853.35 0.9007 
 3853.40 0.8980 
 3853.45 0.8964 
 3853.50 0.8960 
 3853.55 0.8970 
 3853.60 0.8992 
 3853.65 0.9024 
 3853.70 0.9064 
 3853.75 0.9108 
 3853.80 0.9152 
 3853.85 0.9195 
 3853.90 0.9236 
 3853.95 0.9275 
 3854.00 0.9314 
 3854.05 0.9356 
 3854.10 0.9402 
 3854.15 0.9454 
 3854.20 0.9513 
 3854.25 0.9575 
 3854.30 0.9638 
 3854.35 0.9699 
 3854.40 0.9751 
 3854.45 0.9794 
 3854.50 0.9823 
 3854.55 0.9839 
 3854.60 0.9842 
 3854.65 0.9831 
 3854.70 0.9809 
 3854.75 0.9774 
 3854.80 0.9729 
 3854.85 0.9672 
 3854.90 0.9605 
 3854.95 0.9527 
 3855.00 0.9439 
 3855.05 0.9341 
 3855.10 0.9233 
 3855.15 0.9118 
 3855.20 0.8996 
 3855.25 0.8870 
 3855.30 0.8741 
 3855.35 0.8612 
 3855.40 0.8486 
 3855.45 0.8366 
 3855.50 0.8254 
 3855.55 0.8153 
 3855.60 0.8066 
 3855.65 0.7993 
 3855.70 0.7936 
 3855.75 0.7896 
 3855.80 0.7872 
 3855.85 0.7863 
 3855.90 0.7866 
 3855.95 0.7880 
 3856.00 0.7900 
 3856.05 0.7924 
 3856.10 0.7950 
 3856.15 0.7977 
 3856.20 0.8005 
 3856.25 0.8036 
 3856.30 0.8074 
 3856.35 0.8125 
 3856.40 0.8193 
 3856.45 0.8281 
 3856.50 0.8392 
 3856.55 0.8525 
 3856.60 0.8677 
 3856.65 0.8841 
 3856.70 0.9011 
 3856.75 0.9178 
 3856.80 0.9336 
 3856.85 0.9477 
 3856.90 0.9599 
 3856.95 0.9700 
 3857.00 0.9780 
 3857.05 0.9841 
 3857.10 0.9886 
 3857.15 0.9916 
 3857.20 0.9932 
 3857.25 0.9934 
 3857.30 0.9918 
 3857.35 0.9877 
 3857.40 0.9800 
 3857.45 0.9669 
 3857.50 0.9466 
 3857.55 0.9170 
 3857.60 0.8769 
 3857.65 0.8257 
 3857.70 0.7648 
 3857.75 0.6973 
 3857.80 0.6275 
 3857.85 0.5606 
 3857.90 0.5015 
 3857.95 0.4539 
 3858.00 0.4201 
 3858.05 0.4014 
 3858.10 0.3984 
 3858.15 0.4112 
 3858.20 0.4393 
 3858.25 0.4820 
 3858.30 0.5370 
 3858.35 0.6013 
 3858.40 0.6703 
 3858.45 0.7390 
 3858.50 0.8026 
 3858.55 0.8576 
 3858.60 0.9021 
 3858.65 0.9357 
 3858.70 0.9597 
 3858.75 0.9758 
 3858.80 0.9862 
 3858.85 0.9924 
 3858.90 0.9960 
 3858.95 0.9980 
 3859.00 0.9990 
 3859.05 0.9995 
 3859.10 0.9998 
 3859.15 0.9999 
 3859.20 0.9999 
 3859.25 1.0000 
 3859.30 0.9999 
 3859.35 0.9999 
 3859.40 0.9998 
 3859.45 0.9994 
 3859.50 0.9987 
 3859.55 0.9971 
 3859.60 0.9940 
 3859.65 0.9884 
 3859.70 0.9789 
 3859.75 0.9646 
 3859.80 0.9448 
 3859.85 0.9200 
 3859.90 0.8922 
 3859.95 0.8645 
 3860.00 0.8409 
 3860.05 0.8253 
 3860.10 0.8204 
 3860.15 0.8268 
 3860.20 0.8436 
 3860.25 0.8677 
 3860.30 0.8954 
 3860.35 0.9226 
 3860.40 0.9462 
 3860.45 0.9642 
 3860.50 0.9762 
 3860.55 0.9825 
 3860.60 0.9837 
 3860.65 0.9803 
 3860.70 0.9724 
 3860.75 0.9594 
 3860.80 0.9404 
 3860.85 0.9141 
 3860.90 0.8796 
 3860.95 0.8358 
 3861.00 0.7826 
 3861.05 0.7208 
 3861.10 0.6519 
 3861.15 0.5786 
 3861.20 0.5042 
 3861.25 0.4324 
 3861.30 0.3663 
 3861.35 0.3081 
 3861.40 0.2593 
 3861.45 0.2201 
 3861.50 0.1903 
 3861.55 0.1690 
 3861.60 0.1555 
 3861.65 0.1491 
 3861.70 0.1495 
 3861.75 0.1567 
 3861.80 0.1711 
 3861.85 0.1935 
 3861.90 0.2245 
 3861.95 0.2648 
 3862.00 0.3148 
 3862.05 0.3740 
 3862.10 0.4409 
 3862.15 0.5131 
 3862.20 0.5874 
 3862.25 0.6604 
 3862.30 0.7286 
 3862.35 0.7896 
 3862.40 0.8417 
 3862.45 0.8843 
 3862.50 0.9179 
 3862.55 0.9432 
 3862.60 0.9618 
 3862.65 0.9750 
 3862.70 0.9840 
 3862.75 0.9900 
 3862.80 0.9939 
 3862.85 0.9963 
 3862.90 0.9979 
 3862.95 0.9988 
 3863.00 0.9993 
 3863.05 0.9996 
 3863.10 0.9998 
 3863.15 0.9999 
 3863.20 0.9999 
 3863.25 0.9999 
 3863.30 1.0000 
 3863.35 1.0000 
 3863.40 1.0000 
 3863.45 1.0000 
 3863.50 1.0000 
 3863.55 1.0000 
 3863.60 1.0000 